# Created by Octave 3.8.0, Sun Feb 19 15:18:45 2017 EST <Niels@Nielss-MBP-2.home>
# name: v
# type: matrix
# rows: 4
# columns: 1
 2000
 3000
 4000
 3500


