# Created by Octave 4.0.0, Sat Apr 16 23:58:25 2016 EDT <Niels@Nielss-MBP-2.home>
# name: v
# type: matrix
# rows: 4
# columns: 1
 2000
 3000
 4000
 3500


